File,Window,Time Start,Time End,Raw Predicted,Filtered Predicted,Ground Truth,Prob_Bearded Seal,Prob_Beluga White Whale,Prob_Harp Seal,Prob_Humpback Whale,Prob_Killer Whale,Prob_Long-Finned Pilot Whale,Prob_Northern Right Whale,Prob_Pantropical Spotted Dolphin,Prob_Ross Seal,Prob_Sperm Whale,Prob_Walrus,Prob_White-beaked Dolphin,Prob_khong
audio2025_rec/Bearded Seal/Bearded Seal.wav,0,0.0,1.0,Bearded Seal,Bearded Seal,Bearded Seal,0.9933558053694131,0.000382522250393382,0.000382522250393382,0.000382522250393382,0.000382536106906892,0.000382522250393382,0.000382522250393382,0.000382522250393382,0.0003868749199933473,0.0024099273954528624,0.000382522250393382,0.0004046782050867376,0.000382522250393382
audio2025_rec/Bearded Seal/Bearded Seal.wav,1,1.0,2.0,Bearded Seal,Bearded Seal,Bearded Seal,0.9344025272328496,0.0001826539761234408,0.0001825910382422037,0.0001825910382422037,0.00018274632665451853,0.00020124455088564122,0.00018262692343863008,0.0001825910382422037,0.06251056961928164,0.0011521898296626542,0.00022961724136817834,0.0002254601467668501,0.0001825910382422037
audio2025_rec/Bearded Seal/Bearded Seal.wav,2,2.0,3.0,Bearded Seal,Bearded Seal,Bearded Seal,0.9027165948796131,0.0569697657275462,0.00011252826921178228,0.00011252826921178228,0.00011262396799600746,0.00012447402769113228,0.00011279104663854338,0.00011252826921178228,0.0385231235317598,0.0007100578861481183,0.00014150886344155484,0.0001389469923184888,0.00011252826921178228
audio2025_rec/Bearded Seal/Bearded Seal.wav,3,3.0,4.0,Bearded Seal,Bearded Seal,Bearded Seal,0.9342759070548865,0.03855277492301877,7.584447870054261e-05,7.584447870054261e-05,7.651814166212977e-05,8.411887631910444e-05,7.603335950957582e-05,7.584447870054261e-05,0.025963644420239258,0.0004785986079885658,9.53766690838935e-05,9.365003248988162e-05,7.584447870054261e-05
audio2025_rec/Bearded Seal/Bearded Seal.wav,4,4.0,5.0,Bearded Seal,Bearded Seal,Bearded Seal,0.9366207801224353,0.032115959012286116,0.0013651575429156739,5.967869268216489e-05,0.001283355447474864,7.26056048051673e-05,0.00015139154153054397,5.321515786454999e-05,0.018242621902518127,0.0016786052649201578,0.00194954439377408,0.0013061562645122753,0.005100929052280925
audio2025_rec/Bearded Seal/Bearded Seal.wav,5,5.0,6.0,Bearded Seal,Bearded Seal,Bearded Seal,0.9296166800484084,0.022960476981007553,0.0009760014330188485,4.2668587257322895e-05,0.003335640467702952,5.2212542849274925e-05,0.00010823631447499329,3.804765035366265e-05,0.013520589163097382,0.0021307034837134238,0.02216748600369927,0.001404477289693686,0.0036467800347232387
audio2025_rec/Bearded Seal/Bearded Seal.wav,6,6.0,7.0,Bearded Seal,Bearded Seal,Bearded Seal,0.9440502389878798,0.0165786150864085,0.0007048115589498818,0.004179181022302182,0.002855369830970841,3.956934384624969e-05,0.0006131025495664371,2.7472506654811842e-05,0.009761780624922809,0.0015383850451938879,0.01600453319228286,0.0010140106473791374,0.0026329296036426307
audio2025_rec/Bearded Seal/Bearded Seal.wav,7,7.0,8.0,Bearded Seal,Bearded Seal,Bearded Seal,0.9593491119071721,0.01203077463863157,0.0005114705015597789,0.0030327514575498897,0.002076283154041872,2.903230053643939e-05,0.00044491909380359374,1.9938995969067254e-05,0.0071067337128589425,0.0011163938272530781,0.0116146404756139,0.0007572824400784441,0.0019106674949314014
audio2025_rec/Bearded Seal/Bearded Seal.wav,8,8.0,9.0,Bearded Seal,Bearded Seal,Bearded Seal,0.9700523115410468,0.008753988381570712,0.0003721654122423447,0.0022067320125838895,0.0015107743487891088,2.4326088912439918e-05,0.00032374042827332787,1.4510990179653311e-05,0.00517429705249126,0.0011677726608689712,0.008451376267116568,0.0005577378449334415,0.0013902669709914192
audio2025_rec/Bearded Seal/Bearded Seal.wav,9,9.0,10.0,Bearded Seal,Bearded Seal,Bearded Seal,0.9779785724749958,0.006378754154874521,0.0002711877499407584,0.0016079777748388142,0.0011241627340583434,1.9785723937994744e-05,0.00023590201241911255,1.0576407902222194e-05,0.003787517033859384,0.0009827471681790561,0.006170551349419699,0.0004192196116298957,0.001013045803944111
audio2025_rec/Bearded Seal/Bearded Seal.wav,10,10.0,11.0,Bearded Seal,Bearded Seal,Bearded Seal,0.9836460280283942,0.004651505835756401,0.0001977577296428344,0.0011725692416145641,0.0008198021629071126,1.5609148629442354e-05,0.0001720464204242624,7.715216130706066e-06,0.0030562061665447286,0.0007166397525719752,0.0044996809846524774,0.0003057052458761206,0.000738734066855227
audio2025_rec/Bearded Seal/Bearded Seal.wav,11,11.0,12.0,Bearded Seal,Bearded Seal,Bearded Seal,0.988054074087532,0.0033968378571037857,0.0001442691008495376,0.0008554428214708449,0.0005994079146351418,1.628418552726298e-05,0.0001258160044290898,5.631038243599556e-06,0.002234913829987043,0.0005228195130515896,0.003282568497820549,0.00022301797780938034,0.0005389171715402903
audio2025_rec/Bearded Seal/Bearded Seal.wav,12,12.0,13.0,Bearded Seal,Bearded Seal,Bearded Seal,0.9912826512038473,0.0024786701794737693,0.00010527103766858432,0.0006241906992679679,0.0004374735165314477,1.1937344918168082e-05,9.182003771755035e-05,4.111483474967113e-06,0.0016312407314081122,0.0003814867102096128,0.0023951830716101756,0.0001627314575328511,0.00039323252633942894
audio2025_rec/Bearded Seal/Bearded Seal.wav,13,13.0,14.0,Bearded Seal,Bearded Seal,Bearded Seal,0.9935427424031416,0.001859460474349819,7.682418853607654e-05,0.00045551235059067226,0.00032201931964873223,4.6636136374767495e-05,6.723409428017008e-05,3.003055473427238e-06,0.0011945693773318697,0.00027839243465164706,0.0017478863270249212,0.00011875590061654927,0.0002869639379798348
audio2025_rec/Bearded Seal/Bearded Seal.wav,14,14.0,15.0,Bearded Seal,Bearded Seal,Bearded Seal,0.9946587334992001,0.0014577335943650159,5.6068507468154574e-05,0.00033265960335184257,0.00039892452012028624,0.00016851550001243236,4.909070638633606e-05,2.194312895913571e-06,0.0008720382088092333,0.00043234532446274654,0.0012755990545656965,8.667000492083407e-05,0.00020942716344119673
audio2025_rec/Bearded Seal/Bearded Seal.wav,15,15.0,16.0,Bearded Seal,Bearded Seal,Bearded Seal,0.9909644125687528,0.0010641311240714645,4.092397194569759e-05,0.0002427834008892623,0.00029116350553916683,0.00012308367769028078,3.582994353049324e-05,1.6041491138341667e-06,0.0007717463818716445,0.003907072710680201,0.0009359925512958617,0.0014684097675261608,0.00015284624709285295
audio2025_rec/Bearded Seal/Bearded Seal.wav,16,16.0,17.0,Bearded Seal,Bearded Seal,Bearded Seal,0.9929864670834867,0.0009279856497885321,2.987023364591233e-05,0.00017959804548613095,0.00031917357980551124,0.00019999480656892392,2.983723925057578e-05,1.1734574385589615e-06,0.0005958239231477153,0.0028637067409913813,0.0006831228401502099,0.0010716919612442123,0.00011155443899571381
audio2025_rec/Bearded Seal/Bearded Seal.wav,17,17.0,18.0,Bearded Seal,Bearded Seal,Bearded Seal,0.9948449879568688,0.0006773775343491999,2.180308529999393e-05,0.00013108177050146977,0.00023401095440169677,0.000149629808249848,2.198360049832849e-05,8.591335833768737e-07,0.0004660737438619059,0.0020900401079458233,0.0004985706131407833,0.0007821624999770389,8.14191913216207e-05
audio2025_rec/Bearded Seal/Bearded Seal.wav,18,18.0,19.0,Bearded Seal,Bearded Seal,Bearded Seal,0.9785462431636848,0.005243520464010447,1.5915464169573813e-05,9.56714137309823e-05,0.0006686708680000238,0.000835605364245871,1.604721137193899e-05,6.297316074792125e-07,0.000340194477899231,0.01324334057396936,0.0003638794503108883,0.0005708561373092381,5.942567969003132e-05
audio2025_rec/Bearded Seal/Bearded Seal.wav,19,19.0,20.0,Bearded Seal,Bearded Seal,Bearded Seal,0.9842598228750489,0.0039043705359907443,1.1618473387159218e-05,6.982770312792048e-05,0.00048803184770814976,0.0006102389609546767,1.1788089908351793e-05,4.6230606226621274e-07,0.0002525661774602449,0.00966568442752045,0.0002655771526104017,0.0004166374006636481,4.337404955706346e-05
audio2025_rec/Bearded Seal/Bearded Seal.wav,20,20.0,21.0,Bearded Seal,Bearded Seal,Bearded Seal,0.9882589195418319,0.002849579653134692,8.482361396646095e-06,5.179319575256093e-05,0.00047249650495137876,0.0004473873013740748,8.68886512680337e-06,3.401123493921183e-07,0.00031803865810139476,0.007054433450869279,0.00019383228971238658,0.0003043491235264114,3.165894187312112e-05
audio2025_rec/Bearded Seal/Bearded Seal.wav,21,21.0,22.0,Bearded Seal,Bearded Seal,Bearded Seal,0.9847426042911136,0.004066242159436893,6.215183537555364e-06,3.78195339968541e-05,0.00039809965930389675,0.00044129597994408055,6.3543845530643125e-06,2.5202967217471875e-07,0.00024554433381167507,0.0096662625566701,0.00014159771685170284,0.00022417731762282636,2.3534853485596594e-05
audio2025_rec/Bearded Seal/Bearded Seal.wav,22,22.0,23.0,Bearded Seal,Bearded Seal,Bearded Seal,0.9888249885939233,0.002969224920905182,4.538813984890617e-06,2.760504941366514e-05,0.00032829925059893683,0.0003222293916954593,4.6404089662457626e-06,1.8664382610138316e-07,0.00017928012753701318,0.0070548633333496315,0.00010334690024471266,0.00016361709992668427,1.717946562823575e-05
audio2025_rec/Bearded Seal/Bearded Seal.wav,23,23.0,24.0,Killer Whale,Bearded Seal,Bearded Seal,0.7265643593409902,0.0021672515898624907,3.3153270330133217e-06,0.0021492414550104027,0.26316106365528674,0.00046262640946148777,3.4291366678109485e-06,1.3892240990681482e-07,0.0001322343819924709,0.005148951315663909,7.542980108733637e-05,0.00011941763564356289,1.2541028890720675e-05
audio2025_rec/Bearded Seal/Bearded Seal.wav,24,24.0,25.0,Bearded Seal,Bearded Seal,Bearded Seal,0.8000611901287736,0.0017404022204508818,2.42237279405899e-06,0.0015696102683456622,0.19210352233384487,0.00035610893905161625,3.172744016683763e-06,1.0409323504399957e-07,9.651315949860261e-05,0.003915584427377287,5.5054682259013545e-05,8.715893527363769e-05,9.155695078854203e-06
audio2025_rec/Bearded Seal/Bearded Seal.wav,25,25.0,26.0,Bearded Seal,Bearded Seal,Bearded Seal,0.8534807089526343,0.0013338097204857568,1.7706557158090768e-06,0.001145573277346537,0.14020563912162898,0.00026796325221779653,2.3696837098440726e-06,7.867337929353665e-08,7.046315720509546e-05,0.0033811394222757088,4.018402894270339e-05,6.361512413419517e-05,6.684930324165873e-06
audio2025_rec/Bearded Seal/Bearded Seal.wav,26,26.0,27.0,Bearded Seal,Bearded Seal,Bearded Seal,0.8929057266154821,0.0010632147464387375,1.4964683885355216e-06,0.0008368080273217139,0.10233178439699137,0.00020617311995102668,1.0470664543089334e-05,6.012085184501688e-08,5.402049147649087e-05,0.0025088189136863756,2.933619435838252e-05,4.645975507126475e-05,5.630485439047673e-06
audio2025_rec/Bearded Seal/Bearded Seal.wav,27,27.0,28.0,Bearded Seal,Bearded Seal,Bearded Seal,0.913073098922542,0.009317139887122768,1.0948900286128268e-06,0.000610814680311196,0.0746930316301668,0.0002972553609890034,1.4856877835788524e-05,4.6580402927321195e-08,3.968180069144743e-05,0.0018935426706320738,2.141354687532686e-05,3.391107485012683e-05,4.112077551895151e-06
audio2025_rec/Bearded Seal/Bearded Seal.wav,28,28.0,29.0,Bearded Seal,Bearded Seal,Bearded Seal,0.9360200507893967,0.006804438144023165,8.018004769582131e-07,0.00046821437359344665,0.05453605597174969,0.00021993034128335012,0.0004958191630054844,3.669798741581546e-08,2.927163868092864e-05,0.0013819934568274172,1.5631250247022967e-05,2.4752496043456967e-05,3.0038766850918855e-06
audio2025_rec/Bearded Seal/Bearded Seal.wav,29,29.0,30.0,Bearded Seal,Bearded Seal,Bearded Seal,0.9496668373405617,0.004972140684463499,8.210405275525954e-07,0.000541693039989033,0.04291026375739696,0.000369595482918871,0.00039934513988140757,2.9485366348266536e-08,9.890901126940815e-05,0.0010086423464937416,1.1411075905957953e-05,1.8106972468009493e-05,2.2046227573690945e-06
audio2025_rec/Bearded Seal/Bearded Seal.wav,30,30.0,31.0,Bearded Seal,Bearded Seal,Bearded Seal,0.9611355444842422,0.0037643713636007037,6.019330624164228e-07,0.0003953541165280369,0.031331582906657135,0.0004440241874011306,0.0002914623557506646,2.4221277502433628e-08,7.552904473423631e-05,0.0025382901016812905,8.331006840992391e-06,1.3272545972756239e-05,1.6117322510749069e-06
audio2025_rec/Bearded Seal/Bearded Seal.wav,31,31.0,32.0,Bearded Seal,Bearded Seal,Bearded Seal,0.9715237369174208,0.0027488132164304045,4.420188011787367e-07,0.0002898502198884869,0.0228700675673075,0.0004229172636835076,0.00021673193160983757,2.0379314405787006e-08,5.791031156164046e-05,0.0018525585325149347,6.083037015328934e-06,9.689589759783608e-06,1.179014692154189e-06
audio2025_rec/Bearded Seal/Bearded Seal.wav,32,32.0,33.0,Bearded Seal,Bearded Seal,Bearded Seal,0.9791820200443881,0.0020062075763467484,3.253063362131703e-07,0.00021154814983618753,0.016691657004491933,0.00030867967068937867,0.00015818320473773138,1.757528023944952e-08,4.2311388049534585e-05,0.0013866689645940936,4.442369719183782e-06,7.075547154171456e-06,8.63198376434483e-07
audio2025_rec/Bearded Seal/Bearded Seal.wav,33,33.0,34.0,Bearded Seal,Bearded Seal,Bearded Seal,0.9699219509594531,0.0015248033503425418,3.1775474623800615e-07,0.00015439985229944356,0.012186473535926492,0.0002514321374169422,0.00011548082848948403,6.604754789336492e-08,7.962093098558657e-05,0.015725357856352918,4.889685871277181e-06,3.44313233848587e-05,7.75737183209907e-07
audio2025_rec/Bearded Seal/Bearded Seal.wav,34,34.0,35.0,Bearded Seal,Bearded Seal,Bearded Seal,0.9780434094259406,0.0011128712758765166,2.3461295433378437e-07,0.00011269050714767377,0.00889423587833048,0.00018350893811265652,8.428569118798973e-05,5.090596621355331e-08,5.832036277302163e-05,0.01148102380879397,3.57140944802837e-06,2.522831478119823e-05,5.688686874291611e-07
audio2025_rec/Bearded Seal/Bearded Seal.wav,35,35.0,36.0,Bearded Seal,Bearded Seal,Bearded Seal,0.9816423846760451,0.0008122847703741368,1.7393241739306916e-07,8.22491924487648e-05,0.006491417847300037,0.0001345314874797943,6.151810785104529e-05,3.9854973718791414e-08,4.686790849176181e-05,0.010635570623224719,2.6165763140789303e-06,8.992713611958274e-05,4.1788695981672963e-07
audio2025_rec/Bearded Seal/Bearded Seal.wav,36,36.0,37.0,Bearded Seal,Bearded Seal,Bearded Seal,0.9862678594201555,0.0008980215368372538,1.296450925161826e-07,6.0031781873750025e-05,0.004763426990900459,0.00010064944446912598,4.4901323990080135e-05,3.178947357346026e-08,3.4326494211608665e-05,0.007762756024768438,1.9123941054488802e-06,6.56454602687474e-05,3.0769385365418845e-07
audio2025_rec/Bearded Seal/Bearded Seal.wav,37,37.0,38.0,Bearded Seal,Bearded Seal,Bearded Seal,0.9894958222867087,0.0006715813909969393,9.732225572592729e-08,7.272418594045808e-05,0.0038776892963788894,0.0001078519284828661,3.3780470226740424e-05,2.59029169525679e-08,2.5224200690524252e-05,0.005665663645862928,1.398450970440184e-06,4.791364848859013e-05,2.27270080156278e-07
audio2025_rec/Bearded Seal/Bearded Seal.wav,38,38.0,39.0,Bearded Seal,Bearded Seal,Bearded Seal,0.9688992908169827,0.006939164906321373,0.00011370746315721679,5.450641632881705e-05,0.0035101853126256423,8.377149176548144e-05,8.754778810157141e-05,2.1606649301160645e-08,1.9562215586680798e-05,0.004192787415963779,3.24199474708116e-05,9.683366778404166e-05,0.015970200951262694
audio2025_rec/Bearded Seal/Bearded Seal.wav,39,39.0,40.0,Killer Whale,Bearded Seal,Bearded Seal,0.8192983052835254,0.005064510767076455,8.304478421159795e-05,3.9783883999640357e-05,0.15862569348093122,6.117297706573232e-05,6.389893186172738e-05,1.8471043581982254e-08,2.9746443117456437e-05,0.0031268185182655368,0.0017486262230131822,0.00020262174562960414,0.011655758490258933
audio2025_rec/Bearded Seal/Bearded Seal.wav,40,40.0,41.0,Bearded Seal,Bearded Seal,Bearded Seal,0.8678952326428822,0.0037512980691264872,6.061243932269777e-05,4.960164456313888e-05,0.11586648559559028,4.7467816063663013e-05,9.34015439633242e-05,1.6182540408435527e-08,2.177454765532447e-05,0.0022831042670713396,0.0012762270644499517,0.00014789004711204088,0.008506888139659462
audio2025_rec/Bearded Seal/Bearded Seal.wav,41,41.0,42.0,Bearded Seal,Bearded Seal,Bearded Seal,0.9030095714257935,0.0027379076973431103,4.424032693659288e-05,3.620416440762532e-05,0.08456446241942898,3.4648634431142256e-05,6.817125833849243e-05,1.451228985444109e-08,1.8714022156387155e-05,0.0022373412703345624,0.0009314493716453649,0.0001085708982095516,0.006208703998684736
audio2025_rec/Bearded Seal/Bearded Seal.wav,42,42.0,43.0,Bearded Seal,Bearded Seal,Bearded Seal,0.9292029581756497,0.0019982543461666367,3.229124015810481e-05,2.6493747885995608e-05,0.06172080339518061,2.5438424832291283e-05,5.0009631990460814e-05,1.3293267786661262e-08,2.0378615764273775e-05,0.0016329128757694414,0.0006798154667769939,7.924252369145455e-05,0.004531388262866227
audio2025_rec/Bearded Seal/Bearded Seal.wav,43,43.0,44.0,Sperm Whale,Bearded Seal,Bearded Seal,0.7120981690708161,0.0014610103094672914,2.357027043759315e-05,1.9530133047316746e-05,0.045167634489074,0.02844453559903773,3.651065980567824e-05,1.415027832475629e-08,4.485677380236136e-05,0.20883610922761178,0.0005006058872020628,6.024405276873771e-05,0.0033072093766509363
audio2025_rec/Bearded Seal/Bearded Seal.wav,44,44.0,45.0,Killer Whale,Bearded Seal,Bearded Seal,0.6243450609609547,0.001066318112345089,1.7816044768668797e-05,0.03022030144436932,0.16648129093218805,0.02142887441410492,4.5593566206695836e-05,2.148234509649809e-08,0.00115339073065054,0.15241778665995798,0.00036538536683057755,4.441062137603822e-05,0.002413749663902294
audio2025_rec/Bearded Seal/Bearded Seal.wav,45,45.0,46.0,Humpback Whale,uncertain,Bearded Seal,0.4719216720510952,0.000782446581124802,3.9861744891471526e-05,0.25842563052982376,0.13506405552965836,0.016708026344388126,0.0028966811427120786,2.2010105419069852e-08,0.000851302585545194,0.11124122245683414,0.0002748256593425456,3.241754148128959e-05,0.0017618358229978092
audio2025_rec/Bearded Seal/Bearded Seal.wav,46,46.0,47.0,khong,uncertain,Bearded Seal,0.3456944780150707,0.0009319633704843142,0.0001520166919316883,0.18861052631638858,0.09857649535902066,0.012270147666647841,0.002114325933095846,1.572364794089367e-05,0.0006551079264376841,0.08174590884997959,0.007040756070115257,2.488325095943743e-05,0.2621676669019273
audio2025_rec/Bearded Seal/Bearded Seal.wav,47,47.0,48.0,Bearded Seal,uncertain,Bearded Seal,0.5180800614311848,0.0014465339343741838,0.0001329917218488718,0.13765796693561175,0.07524844762377417,0.008961812606453469,0.0015569618672138128,1.1478512086535347e-05,0.00047992939380588485,0.05978879051332536,0.005193252804011694,4.990083770780039e-05,0.19139187181860173
audio2025_rec/Bearded Seal/Bearded Seal.wav,48,48.0,49.0,Bearded Seal,uncertain,Bearded Seal,0.6468539439284535,0.0010557468256832375,9.706591284197312e-05,0.10046884499935674,0.05633828839813363,0.0065407678564425795,0.0011363419907631182,8.380224824935806e-06,0.0003506144620388021,0.04363649535836657,0.0037908270920128766,3.646945565342857e-05,0.13968621349542845
audio2025_rec/Bearded Seal/Bearded Seal.wav,49,49.0,50.0,Bearded Seal,uncertain,Bearded Seal,0.7013157156323584,0.01714300341628666,7.101318834256933e-05,0.07333801205593032,0.041572235270401534,0.005488533179585888,0.0008379765570738234,6.11895865413717e-06,0.00033665714219753464,0.0551449695944548,0.0027677430509705893,2.8744532609324975e-05,0.1019492774211345
audio2025_rec/Bearded Seal/Bearded Seal.wav,50,50.0,51.0,Bearded Seal,Bearded Seal,Bearded Seal,0.7655092067662913,0.016413127003942807,0.0007396486404931322,0.05352771486697381,0.03111088437739728,0.00401382506808407,0.000667647456639761,4.5039968796651544e-06,0.00025380605600724157,0.04134022587688684,0.0039136387675167686,0.001457003396051805,0.0810487677268355
audio2025_rec/Bearded Seal/Bearded Seal.wav,51,51.0,52.0,Bearded Seal,Bearded Seal,Bearded Seal,0.8052898772890618,0.011979033006375376,0.0005398684746819806,0.03906688501878184,0.024697931694403964,0.0029298106055653753,0.00048728120173041037,3.2899167247522065e-06,0.0005445750970353896,0.030735223047954695,0.02294084687591236,0.0016324170444673638,0.059152960727304756
audio2025_rec/Bearded Seal/Bearded Seal.wav,52,52.0,53.0,Bearded Seal,Bearded Seal,Bearded Seal,0.8557101542566965,0.00874645746756926,0.00039441410211906293,0.030104569039079602,0.018172674197565297,0.002141459517604656,0.0007908960965238737,2.4038276496593122e-06,0.00039784724688093605,0.022431993316455866,0.016743242901639352,0.0011914148080717042,0.043172473222144264
audio2025_rec/Bearded Seal/Bearded Seal.wav,53,53.0,54.0,Bearded Seal,Bearded Seal,Bearded Seal,0.8741615578156289,0.006383557474482074,0.00028786347072502544,0.021971642032939866,0.013263248871201299,0.0015629442069693673,0.0005772334786842888,1.7571207667839028e-06,0.0003029448177195852,0.036537567982793825,0.012220062101917489,0.0012204470260264943,0.031509173600144956
audio2025_rec/Bearded Seal/Bearded Seal.wav,54,54.0,55.0,Bearded Seal,Bearded Seal,Bearded Seal,0.9077931882262614,0.004659003795751786,0.00021009812726038691,0.016035873715781017,0.009680106103000434,0.001140712279605768,0.00042129309011578917,1.2851256011691207e-06,0.0005813202962831217,0.026666727571749864,0.008918929974336564,0.0008946778299959956,0.022996783864256628
audio2025_rec/Bearded Seal/Bearded Seal.wav,55,55.0,56.0,Bearded Seal,Bearded Seal,Bearded Seal,0.9322677906552667,0.0037194743098485413,0.00015334156034443387,0.01170369078616631,0.007162040857379904,0.0008385287006399314,0.0003074809380133172,9.406427763375464e-07,0.0004254579660024227,0.019474233708467945,0.006509430476169324,0.0006535218442215111,0.016784067554703425
audio2025_rec/Bearded Seal/Bearded Seal.wav,56,56.0,57.0,Bearded Seal,Bearded Seal,Bearded Seal,0.9505053552889947,0.0027314430559843813,0.00011191812102956522,0.008541946325936689,0.005268616804384601,0.0006139325666372358,0.00022452965259637636,6.892240569348988e-07,0.0003108040500790966,0.014213157772527038,0.004750871550238864,0.00047697170568561294,0.012249763881849066
audio2025_rec/Bearded Seal/Bearded Seal.wav,57,57.0,58.0,Bearded Seal,Bearded Seal,Bearded Seal,0.9628455435116179,0.0021462892592643244,8.168621946641786e-05,0.006234454950702736,0.003887358605438152,0.0005238576867442414,0.00016403739921054596,5.05727617967394e-07,0.00022899875669759998,0.01113119218309381,0.0034674444155442237,0.0003481965714151646,0.00894043471318688
audio2025_rec/Bearded Seal/Bearded Seal.wav,58,58.0,59.0,Bearded Seal,Bearded Seal,Bearded Seal,0.949691597573532,0.0015858817817762199,5.9620898861041176e-05,0.0045501822513455735,0.0028371680622871456,0.0003823984260037275,0.00011972441343214413,3.718038284888085e-07,0.0004232544774670253,0.030806206135729153,0.002530710578684527,0.0004877582472730869,0.006525125349779717
audio2025_rec/Bearded Seal/Bearded Seal.wav,59,59.0,60.0,Bearded Seal,Bearded Seal,Bearded Seal,0.9632807492279075,0.0011580709919136356,4.351665710989342e-05,0.003320925935044888,0.002070692800305923,0.00027910979629764597,8.74060574555575e-05,2.740603549238722e-07,0.0003101838453818208,0.02248372753728799,0.0018470266434019254,0.00035599013375881515,0.004762326313779395
audio2025_rec/Bearded Seal/Bearded Seal.wav,60,60.0,61.0,Bearded Seal,Bearded Seal,Bearded Seal,0.9422083390688232,0.0009412188053115792,3.229333932305112e-05,0.004416744616461584,0.004975788647405011,0.01787554808992633,0.00046103344851905085,2.1205836767445024e-07,0.007586666247427778,0.016411003460909596,0.0013553775900607304,0.000260016608616161,0.0034757580188483498
audio2025_rec/Bearded Seal/Bearded Seal.wav,61,61.0,62.0,Bearded Seal,Bearded Seal,Bearded Seal,0.9184974617308691,0.0006869620497854638,2.3571801559461412e-05,0.003233036623380856,0.01727543028146578,0.03788055324678123,0.00033648603552899656,1.772409344119065e-07,0.00595299158979385,0.012224502413848495,0.0009893918848249835,0.000362671258261175,0.002536763842966198
audio2025_rec/Bearded Seal/Bearded Seal.wav,62,62.0,63.0,Humpback Whale,Bearded Seal,Bearded Seal,0.7234720488847795,0.0005014620703649289,3.051785625128653e-05,0.15585048464742407,0.07391324205818245,0.027685372902522456,0.002423097127764352,1.3205979447548528e-07,0.0043633528631691594,0.008921982588403462,0.0007221144707419628,0.0002646961477385967,0.0018514963228632923
audio2025_rec/Bearded Seal/Bearded Seal.wav,63,63.0,64.0,Bearded Seal,Bearded Seal,Bearded Seal,0.793214710806902,0.000557451591136536,2.2285156314097504e-05,0.11377277383809513,0.053956538141836874,0.021005588450661826,0.0056560123528886,9.908460842859345e-08,0.003231138084324734,0.006511855309029803,0.0005270514068976585,0.000193189596393662,0.0013513061809107545
audio2025_rec/Bearded Seal/Bearded Seal.wav,64,64.0,65.0,Bearded Seal,Bearded Seal,Bearded Seal,0.8463220993081899,0.0004096862607195549,1.6267389677168888e-05,0.08303646586872121,0.0413822013066289,0.0160019108394792,0.004128035358280446,7.501786874938728e-08,0.0024386972019723283,0.004752641866076251,0.00038466802022694025,0.000141006122425745,0.0009862454397335468
audio2025_rec/Bearded Seal/Bearded Seal.wav,65,65.0,66.0,Bearded Seal,Bearded Seal,Bearded Seal,0.881605953087901,0.0034005368079496378,1.187535838398406e-05,0.06060366946794587,0.030210915540473456,0.011739239356447476,0.003012824558027117,5.745290151422303e-08,0.0017799767981664608,0.006531475186410614,0.0002807503498324694,0.00010291517460530054,0.0007198108609551444
audio2025_rec/Bearded Seal/Bearded Seal.wav,66,66.0,67.0,Bearded Seal,Bearded Seal,Bearded Seal,0.878826694417453,0.007967540156546047,0.00011883608106247222,0.04423128371404792,0.02322466883308752,0.008568679366910114,0.0022198370293842642,4.4633215697491165e-08,0.001299480329270923,0.00478151519453623,0.00028598967684669734,0.00018067787983435605,0.028294752687804944
audio2025_rec/Bearded Seal/Bearded Seal.wav,67,67.0,68.0,Bearded Seal,Bearded Seal,Bearded Seal,0.8750668665492702,0.005815064058031154,8.67516389968471e-05,0.032281939612960824,0.05296704961224472,0.0062538465952911085,0.0016201374324318158,3.527684454985929e-08,0.0009558129982713746,0.003498047601446227,0.0006413616293885812,0.00016232888908895038,0.020650758105733538
audio2025_rec/Bearded Seal/Bearded Seal.wav,68,68.0,69.0,Bearded Seal,Bearded Seal,Bearded Seal,0.8978785576752608,0.0069873453500101206,6.361062486140746e-05,0.023561300229903586,0.03872634703053098,0.004883266113748979,0.0011841535727592398,3.4838066818457006e-08,0.0007058372413448151,0.010349117743371463,0.00046833948278059097,0.00011934087781278908,0.015072749219548466
audio2025_rec/Bearded Seal/Bearded Seal.wav,69,69.0,70.0,Bearded Seal,Bearded Seal,Bearded Seal,0.9196004818925491,0.010802567018149786,4.642853593329845e-05,0.017196228138708608,0.028280702311351564,0.0036711406683537645,0.0008701907756193064,2.8127914460287988e-08,0.000515291534300579,0.007587261961011422,0.000341817473944001,8.710292796704763e-05,0.011000758634197133
audio2025_rec/Bearded Seal/Bearded Seal.wav,70,70.0,71.0,Bearded Seal,Bearded Seal,Bearded Seal,0.941266122773432,0.007884976690274628,3.388829049702487e-05,0.012552729685176615,0.020652725166380923,0.002680061084364959,0.0006734959406352994,2.3230549506864135e-08,0.0003765658188947312,0.005537520411379235,0.00024947613811907254,6.357425196513385e-05,0.008028840518330785
audio2025_rec/Bearded Seal/Bearded Seal.wav,71,71.0,72.0,Bearded Seal,Bearded Seal,Bearded Seal,0.9537603217278177,0.005759206777156924,2.5023621326919108e-05,0.009418389868751695,0.017872641839818213,0.002188181904181992,0.000524914260569943,1.9656236804643637e-08,0.00032142968658051805,0.004041528721392381,0.0001820813628796519,4.643601059566712e-05,0.005859824562691762
audio2025_rec/Bearded Seal/Bearded Seal.wav,72,72.0,73.0,Bearded Seal,Bearded Seal,Bearded Seal,0.9656940427834688,0.0044124676759924614,1.8266041356734136e-05,0.006874510686183574,0.01307839990209596,0.0016311675290727665,0.0003834863850896426,1.7047546176565373e-08,0.00023459622861824134,0.003229497804940668,0.00013289369113813327,3.389374511597191e-05,0.004276760479380886
audio2025_rec/Bearded Seal/Bearded Seal.wav,73,73.0,74.0,Bearded Seal,Bearded Seal,Bearded Seal,0.9747213807469629,0.0033616365817016273,1.3334062304794712e-05,0.00501732310018991,0.009545209523429726,0.0011943047435907569,0.00027990655892211054,1.514360935925808e-08,0.00017122576444001522,0.002452558871408525,9.699436508839559e-05,2.473984817586129e-05,0.0031213706901759963
audio2025_rec/Bearded Seal/Bearded Seal.wav,74,74.0,75.0,Bearded Seal,Bearded Seal,Bearded Seal,0.9815371124122411,0.0024556535388592397,9.734487213243808e-06,0.003661879978625279,0.0069676588429074746,0.0008720730717108849,0.00020434374259570523,1.375403283414681e-08,0.0001250286091195587,0.001799532733700803,7.079345902229722e-05,1.8058931839782588e-05,0.0022781164381316978
audio2025_rec/Bearded Seal/Bearded Seal.wav,75,75.0,76.0,Bearded Seal,Bearded Seal,Bearded Seal,0.9862001259800969,0.0018181661500921193,7.323682850718671e-06,0.002672603910251578,0.005086117386888634,0.0006438021228190371,0.00014934875840909637,3.2303887371074225e-08,0.0001337263560619453,0.0015549580731380433,5.1782766992063536e-05,1.930879976675593e-05,0.0016627037087458558
audio2025_rec/Bearded Seal/Bearded Seal.wav,76,76.0,77.0,Bearded Seal,Bearded Seal,Bearded Seal,0.9826090379909451,0.001327277942003377,5.347847658183457e-06,0.001950586670655549,0.003712341839806632,0.00046991704014111475,0.00010900399907334157,2.6278358687494034e-08,0.00010026422564359902,0.008442947854934992,3.779697693569233e-05,2.1934281281331093e-05,0.0012135170525623172
audio2025_rec/Bearded Seal/Bearded Seal.wav,77,77.0,78.0,Bearded Seal,Bearded Seal,Bearded Seal,0.9869004183377865,0.0010211211964322392,3.905796121325701e-06,0.001423626692492735,0.002711638322015845,0.0003661619095564153,7.955861697896191e-05,2.188066237888328e-08,7.465703879323284e-05,0.006489592043888534,2.7588598643923222e-05,1.60287173479241e-05,0.0008856808492800055
audio2025_rec/Bearded Seal/Bearded Seal.wav,78,78.0,79.0,Bearded Seal,Bearded Seal,Bearded Seal,0.9904069128506499,0.0007453845666919554,2.853323471721021e-06,0.0010391157893238228,0.0019795258662518144,0.0002944666919498946,5.8178806915476146e-05,1.867103022771476e-08,5.890003136106151e-05,0.004736392596228744,2.0138075084282866e-05,1.1701164938982662e-05,0.0006464115661019367
audio2025_rec/Bearded Seal/Bearded Seal.wav,79,79.0,80.0,Bearded Seal,Bearded Seal,Bearded Seal,0.9928732890843023,0.000544061401258667,2.085182571217579e-06,0.0007583951240010357,0.001444785072344392,0.00021498403095590517,4.246415461911069e-05,1.6328499351896337e-08,4.322964055385063e-05,0.003581659954011958,1.470035479882132e-05,8.547368532317733e-06,0.00047178230355118605
audio2025_rec/Bearded Seal/Bearded Seal.wav,80,80.0,81.0,Bearded Seal,Bearded Seal,Bearded Seal,0.994767151594001,0.0003970826481160758,1.524559537821254e-06,0.0005535128285604419,0.0010557726912665433,0.00015703159317298701,3.099490980651145e-05,1.461881718151464e-08,5.056607994396937e-05,0.0026140608449972858,1.0862386745691768e-05,1.709506233573333e-05,0.0003443301826987327
audio2025_rec/Bearded Seal/Bearded Seal.wav,81,81.0,82.0,Bearded Seal,Bearded Seal,Bearded Seal,0.9958669430582113,0.000289811094199868,1.1153922080515416e-06,0.0004039807245528029,0.000770552077365793,0.00011625793681367243,2.262415085673501e-05,1.337101597350205e-08,3.976123622773126e-05,0.0022082106235436615,8.155162418045719e-06,2.1265149342293957e-05,0.00025131002324415175
audio2025_rec/Bearded Seal/Bearded Seal.wav,82,82.0,83.0,Bearded Seal,Bearded Seal,Bearded Seal,0.9962840512107803,0.00022494035991278168,6.3208464725327445e-06,0.0002949899581374987,0.0005657853692384978,0.00017464141462642636,1.7619837188202262e-05,4.7202533950230235e-07,0.00017516748402413493,0.0020364194282166343,1.4795282080020634e-05,2.055665454598914e-05,0.0001842401294374073
audio2025_rec/Bearded Seal/Bearded Seal.wav,83,83.0,84.0,Bearded Seal,Bearded Seal,Bearded Seal,0.9972870100851132,0.00016477666579647716,4.615933417878631e-06,0.0002152993518771196,0.0004130252924282042,0.0001275290780970942,1.2864577366114963e-05,3.4720642053478895e-07,0.00012798455548662717,0.0014862711979669624,1.0800949379581016e-05,1.500585249216612e-05,0.00013446925415820798
audio2025_rec/Bearded Seal/Bearded Seal.wav,84,84.0,85.0,Bearded Seal,Bearded Seal,Bearded Seal,0.9980015032707902,0.00012222167472583482,3.3716128896422336e-06,0.00015718361428751704,0.0003056319949733214,0.00010405296276973987,9.490403681933478e-06,2.561080841045713e-07,9.455491022681466e-05,0.001084748824345225,7.885709706562378e-06,1.0954633032469777e-05,9.814428048662153e-05
audio2025_rec/Bearded Seal/Bearded Seal.wav,85,85.0,86.0,Bearded Seal,Bearded Seal,Bearded Seal,0.9950790119127654,0.002802754630663318,2.4634530261757524e-06,0.00011478741607858406,0.00027524828284751593,0.0002730141343402127,6.994752621752949e-06,1.8962051072003414e-07,7.001993457255309e-05,0.0012901250779881418,5.758039541331779e-06,7.998078369137704e-06,7.163466667526412e-05
audio2025_rec/Bearded Seal/Bearded Seal.wav,86,86.0,87.0,Bearded Seal,Bearded Seal,Bearded Seal,0.9963173806025339,0.0020482382776910585,1.8006379415285022e-06,8.37796071153097e-05,0.00028908125998378256,0.0001993888512773695,5.1077797104640274e-06,1.4109494976358507e-07,5.115909947118335e-05,0.0009415927338611241,4.205172103489237e-06,5.840050975481082e-06,5.228483238546793e-05
audio2025_rec/Bearded Seal/Bearded Seal.wav,87,87.0,88.0,Killer Whale,Bearded Seal,Bearded Seal,0.7865860067600181,0.0014949674150879831,1.3168863486496883e-06,0.0008940173445455698,0.20988466774676093,0.0003597217667674992,3.8108549308875846e-06,1.0567886156329199e-07,4.266772114503317e-05,0.0006872185041620402,3.0718211676775105e-06,4.265027695054047e-06,3.816247250908743e-05
audio2025_rec/Bearded Seal/Bearded Seal.wav,88,88.0,89.0,Bearded Seal,Bearded Seal,Bearded Seal,0.8300513089348747,0.0011820761118112072,1.016246035257936e-06,0.0006524959206065677,0.15318488515863457,0.00028218187426035747,2.7956608929208694e-06,1.0472704146205952e-07,6.252299568374214e-05,0.014522470737324175,3.4513181571167415e-06,2.6666950079592075e-05,2.8023364598289503e-05
audio2025_rec/Bearded Seal/Bearded Seal.wav,89,89.0,90.0,Bearded Seal,Bearded Seal,Bearded Seal,0.8759569223403998,0.0008627338569292372,7.444026290669476e-07,0.0004762229329256058,0.11180109127975463,0.00020595144882946243,2.0430978828615262e-06,7.913596239367545e-08,4.586487585591099e-05,0.010605852952385232,2.5216254018716052e-06,1.9516665028532545e-05,2.0455386015224817e-05
audio2025_rec/Bearded Seal/Bearded Seal.wav,90,90.0,91.0,Bearded Seal,Bearded Seal,Bearded Seal,0.8991656586548455,0.0006296638388587803,5.459993593016573e-07,0.00034757115635661605,0.08159735943106584,0.0001505130320857266,1.4938443104893752e-06,6.04584678898188e-08,4.9059548228718525e-05,0.017292407122817995,2.2040688090178123e-06,0.0007485309022884253,1.4931942505644983e-05
audio2025_rec/Bearded Seal/Bearded Seal.wav,91,91.0,92.0,Bearded Seal,Bearded Seal,Bearded Seal,0.926349568456965,0.0004595590828543662,4.0119592181601634e-07,0.00025367542818026303,0.05955337022711309,0.00011012566312863289,1.092974882134943e-06,4.6826810462607824e-08,9.256273876361213e-05,0.012620762463844479,1.6207540558246788e-06,0.0005463134971206277,1.0900690359713415e-05
audio2025_rec/Bearded Seal/Bearded Seal.wav,92,92.0,93.0,Bearded Seal,Bearded Seal,Bearded Seal,0.9461927195687841,0.0003369292401672208,2.955120042633848e-07,0.00018514619601358632,0.0434646786187882,8.136089461572904e-05,1.1181299127527614e-06,3.6877827223968265e-08,0.00011865292219942747,0.009211191594374269,1.185599216256567e-06,0.00039872634085672486,7.958505240057454e-06
audio2025_rec/Bearded Seal/Bearded Seal.wav,93,93.0,94.0,Bearded Seal,Bearded Seal,Bearded Seal,0.9605398309282281,0.00024590848872028275,2.1837922524942131e-07,0.00013513054338159156,0.03172243796463308,5.938346300564346e-05,8.18761976889487e-07,2.9616620792829798e-08,8.663684633349478e-05,0.006911155300078481,8.680040437966368e-07,0.0002917705348283095,5.81116892411928e-06
audio2025_rec/Bearded Seal/Bearded Seal.wav,94,94.0,95.0,Bearded Seal,Bearded Seal,Bearded Seal,0.9710965738041903,0.00018486338967789226,9.967587625898679e-07,9.950426355414315e-05,0.023156884381029193,5.5188257508491636e-05,1.0101764490534991e-05,2.4317073543151125e-08,0.00013242063651825998,0.005044897914717188,6.878121515468648e-07,0.000212987850409342,4.868849917010038e-06
audio2025_rec/Bearded Seal/Bearded Seal.wav,95,95.0,96.0,Bearded Seal,Bearded Seal,Bearded Seal,0.9788960531607971,0.00013503470866555923,7.301799770766481e-07,7.262529280372952e-05,0.016900917170610166,4.0317677142029494e-05,7.416843352512944e-06,2.0449230172687532e-08,0.00010538175622467991,0.003681991252026231,5.046971419835261e-07,0.0001554506094960206,3.556202532527604e-06
audio2025_rec/Bearded Seal/Bearded Seal.wav,96,96.0,97.0,Bearded Seal,Bearded Seal,Bearded Seal,0.98409799218146,0.00011172214069259272,5.356190479229801e-07,5.31413243414963e-05,0.012693260054243887,6.59653318894901e-05,5.419572258814339e-06,1.7626308136070434e-08,9.41539766655631e-05,0.002721273343196125,4.4935220821219615e-07,0.0001534713029839076,2.5981747038296715e-06
audio2025_rec/Bearded Seal/Bearded Seal.wav,97,97.0,98.0,Bearded Seal,Bearded Seal,Bearded Seal,0.9759236373475013,0.01255152548464516,3.936199111801912e-07,3.878757857855406e-05,0.009264102463309484,4.8395252743585595e-05,3.971533135047401e-06,1.556601511717258e-08,6.882098110975287e-05,0.001986107738612911,3.3065857533768063e-07,0.00011201281206983161,1.8989637928012228e-06
audio2025_rec/Bearded Seal/Bearded Seal.wav,98,98.0,99.0,Bearded Seal,Bearded Seal,Bearded Seal,0.9823726281788536,0.009215865902763392,2.899826903471808e-07,2.8311583049228242e-05,0.006761436448276775,3.5374535710315074e-05,2.9020342542966126e-06,1.4062322734812582e-08,5.023363295447712e-05,0.0014495563791569954,2.440307371681677e-07,8.175458034093421e-05,1.3886488898635265e-06
audio2025_rec/Bearded Seal/Bearded Seal.wav,99,99.0,100.0,khong,Bearded Seal,Bearded Seal,0.7179672694653572,0.007024865239892287,0.00011327732877076114,2.0787823864597572e-05,0.004935589758096448,9.535819426366665e-05,2.355288830032198e-06,1.7290178494063733e-05,6.569079607537264e-05,0.0015148700050299432,0.00620903069445905,6.070297764804554e-05,0.2619729122492185
audio2025_rec/Bearded Seal/Bearded Seal.wav,100,100.0,101.0,Bearded Seal,Bearded Seal,Bearded Seal,0.79388882145683,0.0052164786197291275,9.86405057360331e-05,1.542774383927151e-05,0.003610353976780435,0.00010454154033563705,3.081042200187828e-06,1.2688141935305493e-05,7.924845841343908e-05,0.001174520095325506,0.004532677821247066,4.521956480885028e-05,0.19121830103281914
audio2025_rec/Bearded Seal/Bearded Seal.wav,101,101.0,102.0,Bearded Seal,Bearded Seal,Bearded Seal,0.8495703646428311,0.003807604079093064,7.199488330099062e-05,1.1262547908155447e-05,0.00263506850407983,7.633479641742839e-05,2.251381737870218e-06,9.26306588301924e-06,5.794726463954203e-05,0.0008572191516448179,0.0033081504350666933,3.300592983474634e-05,0.13955953331756285
audio2025_rec/Bearded Seal/Bearded Seal.wav,102,102.0,103.0,Bearded Seal,Bearded Seal,Bearded Seal,0.8901826847812493,0.002781226321600792,5.2547735546747666e-05,8.245822717398465e-06,0.0019279024339465937,7.516804724872004e-05,1.6934636481823349e-06,6.7632946650858905e-06,4.290932164162524e-05,0.0006256389605832925,0.0024144364650964824,2.4091881587991925e-05,0.10185669147046786
audio2025_rec/Bearded Seal/Bearded Seal.wav,103,103.0,104.0,Bearded Seal,Bearded Seal,Bearded Seal,0.9161391901306175,0.005418312643862058,3.838976100143168e-05,1.8359071428722568e-05,0.0014755168231803163,0.00010504662895208384,2.8213874254093462e-05,4.938851616137857e-06,3.15968514948053e-05,0.000618417388152454,0.0017621821013288613,1.7619379388340268e-05,0.0743422164947229
audio2025_rec/Bearded Seal/Bearded Seal.wav,104,104.0,105.0,Bearded Seal,Bearded Seal,Bearded Seal,0.8935550688901834,0.004002663611730699,5.455754109860396e-05,1.3401959957706763e-05,0.043472278228390934,7.712766868029765e-05,2.059442881582358e-05,3.6072928515726457e-06,3.0721241386802134e-05,0.0005122052749604511,0.003204806629676465,0.0006379083631763978,0.05441505886909082
